10933 1914 80
11217 1719 120
11145 1023 400
10755 418 187
10037 282 27
11159 371 173
10177 1352 173
11511 443 173
11764 739 93
10653 1166 107
10528 708 173
10145 312 80
10586 1420 147
10430 1180 107
11754 1481 160
11941 1602 53
10593 28 27
10087 1108 80
11388 1537 120
11835 556 93
11085 1978 13
11757 1950 40
11537 1754 133
11377 106 93
11743 57 53
10836 1362 53
10014 1664 13
10047 1002 27
11915 1057 80
10186 1919 80
10898 1541 133
10203 1611 80
11489 176 27
11905 1931 67
10607 1627 53
10601 1732 40
10435 335 133
11656 1241 93
11504 1429 27
11643 270 40
11071 172 40
10620 997 53
11152 1461 27
11781 1718 67
11169 78 67
11647 1036 93
10075 1554 40
10280 123 120
11216 1516 53
11277 1869 40
10028 352 27
10031 66 27
11487 703 67
11843 334 120
10734 681 27
10622 196 67
10865 648 67
11868 166 40
10363 1762 133
10185 708 160
10696 903 53
10440 40 27
10077 923 53
10608 1900 93
10252 360 27
10397 28 13
10810 1855 53
11694 846 27
10655 85 40
10858 1732 53
11797 1138 53
10614 903 27
10392 1520 67
11139 1879 53
10378 494 27
11600 207 27
10037 410 27
11380 1847 40
10247 1086 80
11302 536 40
11103 581 40
11971 41 27
10142 1727 40
11595 46 40
11530 1965 27
11836 1817 40
11701 1911 27
11409 1915 27
10440 1910 27
10362 1017 53
10056 1811 53
11895 798 40
11702 617 40
11685 1967 27
11014 584 40
11647 710 27
10482 1000 67
10962 312 27
11962 1433 27
10737 1725 67
10178 519 27
10856 104 93
10547 1796 27
10213 473 27
10099 196 40
11918 706 53
11944 615 27
11937 1704 40
11980 549 13
11013 122 27
10105 474 53
11971 491 27
10484 490 27
11086 1802 27
11179 591 27
11614 863 53
11562 1374 53
11082 1527 40
11792 1000 53
10360 594 27
11549 157 27
11034 1446 27
11336 246 40
11981 1270 13
10316 1941 40
10023 482 13
11986 167 13
10287 476 40
11963 796 27
10502 1599 40
10700 26 13
10086 1681 27
10965 235 40
11516 1280 40
11685 1664 27
11143 1564 27
10042 1623 27
11570 771 40
11611 1979 13
11813 1894 27
10824 736 27
10381 1979 13
10536 81 40
10197 898 27
11967 1168 27
11582 1578 27
10036 1206 27
11780 1265 27
10051 550 27
11675 170 53
11537 1547 27
11878 872 27
10721 1818 27
10233 946 27
11224 1975 13
11925 1281 40
11770 916 27
11350 1922 27
10712 1974 13
11475 235 27
10889 1809 27
10068 1959 27
10354 844 27
11576 1915 27
11757 168 27
11655 80 27
10810 1955 40
10334 886 13
10457 1970 27
11869 1685 27
11029 16 13
11471 1334 27
11935 156 27
11038 1961 27
11952 93 27
10180 1001 27
11013 1667 27
10304 950 27
11891 61 40
11071 60 27
11430 219 13
10378 1394 27
11712 485 27
10032 1906 27
10117 76 40
11399 655 27
10038 1724 27
11982 1834 13
11974 1378 13
10029 224 27
11896 1768 27
11156 1983 13
11856 1298 27
11963 873 27
10983 73 27
11976 1499 13
11285 1982 13
11616 1906 13
11645 785 27
11863 959 27
10953 1699 27
11951 226 27
10734 137 27
11464 1934 27
11029 1772 27
10723 1577 27
11354 1982 13
11925 944 27
11567 1466 27
10975 1765 27
11271 27 13
11268 193 27
10353 923 27
10170 419 27
10520 1713 27
10318 1607 27
11709 897 27
10742 1289 40
10973 523 27
11057 1595 27
10024 853 13
10701 1612 13
10732 777 27
10738 67 27
10387 1936 27
11817 100 27
10433 915 27
11055 1849 27
11697 360 27
11986 649 13
10729 1874 27
11360 580 27
11257 116 27
11418 1362 27
11604 671 27
11829 844 27
10931 560 27
10255 272 27
11881 1213 40
11937 1518 27
11069 1714 27
11959 1786 27
10754 837 27
11760 1843 40
11498 61 27
10237 419 27
10534 920 27
11984 1327 13
11426 260 27
10491 140 27
10889 252 27
10503 180 13
11224 1925 27
11957 1222 27
11095 1452 27
11044 1907 27
10013 633 13
11532 221 27
10731 1517 27
10952 26 13
11930 1347 27
10743 1628 27
10553 495 27
10964 466 27
10016 140 13
10771 729 27
11544 1182 27
11499 117 27
11421 1981 13
10764 1438 27
11245 600 27
10155 19 13
11984 1981 13
11691 536 27
11367 1702 27
10541 1092 27
10123 1004 27
10151 1799 27
11721 241 27
11078 1649 27
10015 1974 13
11959 437 27
10430 104 27
10424 175 27
11560 641 27
11307 627 27
10014 1524 13
10767 199 27
10274 904 27
10205 1800 27
11688 1852 27
11985 293 13
10072 126 27
11979 969 13
10406 1341 27
10503 14 13
10287 1521 27
10411 536 27
11706 1794 27
11360 1778 27
11714 412 27
10969 152 27
10067 18 13
11810 1220 27
10339 536 27
11914 1838 27
10697 1032 27
10755 1371 27
11223 163 27
11608 123 27
11633 618 27
11461 1394 27
11757 453 27
10021 798 13
11578 1137 27
11823 19 13
10296 1191 27
11825 902 27
10997 1817 27
11982 1874 13
11285 1428 27
11295 1935 27
11825 1980 13
11563 934 27
10489 1870 27
10650 1786 27
10436 1615 27
10156 947 27
10756 633 27
10964 635 27
11671 18 13
11519 817 27
11985 378 13
10291 409 27
10653 15 13
11628 1621 27
11531 19 13
10738 1934 27
10015 1479 13
11460 16 13
10518 1982 13
10696 821 27
11983 928 13
10766 15 13
10234 525 27
10017 592 13
10404 868 27
11141 168 27
11758 859 27
11350 312 27
